0.0 0.5480880648899189 0.6825028968713789 0.4646581691772885 0.7010428736964078 0.3105446118192352 0.5874855156431055 0.6929316338354577
0.5480880648899189 0.0 0.5758980301274623 0.30243337195828507 0.626882966396292 0.4495944380069525 0.4762456546929316 0.6071842410196987
0.6825028968713789 0.5758980301274623 0.0 0.4947856315179606 0.32444959443800697 0.608342989571263 0.30359212050984935 0.3082271147161066
0.4646581691772885 0.30243337195828507 0.4947856315179606 0.0 0.593279258400927 0.3082271147161066 0.3487833140208575 0.5689455388180765
0.7010428736964078 0.626882966396292 0.32444959443800697 0.593279258400927 0.0 0.6488991888760139 0.4843568945538818 0.4843568945538818
0.3105446118192352 0.4495944380069525 0.608342989571263 0.3082271147161066 0.6488991888760139 0.0 0.4947856315179606 0.6373117033603708
0.5874855156431055 0.4762456546929316 0.30359212050984935 0.3487833140208575 0.4843568945538818 0.4947856315179606 0.0 0.4391657010428737
0.6929316338354577 0.6071842410196987 0.3082271147161066 0.5689455388180765 0.4843568945538818 0.6373117033603708 0.4391657010428737 0.0
